164
165
166
167
168
169
170
171
172
180
179
178
177
176
175
174
173
182
181
144
145
146
147
148
149
150
151
152
160
159
158
157
156
155
154
153
163
162
161
123
124
125
126
127
128
129
130
131
139
138
137
136
135
134
133
132
143
142
141
140
102
103
104
105
106
107
108
109
110
118
117
116
115
114
113
112
111
122
121
120
119
81
82
83
84
85
86
87
88
89
97
96
95
94
93
92
91
90
101
100
99
98
60
61
62
63
64
65
66
67
68
76
75
74
73
72
71
70
69
80
79
78
77
39
40
41
42
43
44
45
46
47
55
54
53
52
51
50
49
48
59
58
57
56
19
20
21
22
23
24
25
26
27
35
34
33
32
31
30
29
28
38
37
36
0
1
2
3
4
5
6
7
8
16
15
14
13
12
11
10
9
18
17
360
361
362
363
364
365
366
367
368
376
375
374
373
372
371
370
369
377
379
378
339
340
341
342
343
344
345
346
347
355
354
353
352
351
350
349
348
359
356
358
357
316
317
318
319
320
321
322
323
324
332
331
330
329
328
327
326
325
336
338
337
333
335
334
293
294
295
296
297
298
299
300
301
309
308
307
306
305
304
303
302
313
315
314
310
312
311
270
271
272
273
274
275
276
277
278
286
285
284
283
282
281
280
279
290
292
291
287
289
288
247
248
249
250
251
252
253
254
255
263
262
261
260
259
258
257
256
267
269
268
264
266
265
224
225
226
227
228
229
230
231
232
240
239
238
237
236
235
234
233
244
246
245
241
243
242
203
204
205
206
207
208
209
210
211
219
218
217
216
215
214
213
212
221
223
222
220
183
184
185
186
187
188
189
190
191
199
198
197
196
195
194
193
192
200
202
201
572
573
574
575
576
577
578
579
580
588
587
586
585
584
583
582
581
589
590
592
591
549
550
551
552
553
554
555
556
557
565
564
563
562
561
560
559
558
568
566
571
567
570
569
524
525
526
527
528
529
530
531
532
540
539
538
537
536
535
534
533
543
546
541
548
547
542
545
544
499
500
501
502
503
504
505
506
507
515
514
513
512
511
510
509
508
518
521
516
523
522
517
520
519
474
475
476
477
478
479
480
481
482
490
489
488
487
486
485
484
483
493
496
491
498
497
492
495
494
449
450
451
452
453
454
455
456
457
465
464
463
462
461
460
459
458
468
471
466
473
472
467
470
469
424
425
426
427
428
429
430
431
432
440
439
438
437
436
435
434
433
443
446
441
448
447
442
445
444
401
402
403
404
405
406
407
408
409
417
416
415
414
413
412
411
410
419
421
418
423
422
420
380
381
382
383
384
385
386
387
388
396
395
394
393
392
391
390
389
397
398
400
399
785
786
787
788
789
790
791
792
793
801
800
799
798
797
796
795
794
802
803
805
804
762
763
764
765
766
767
768
769
770
778
777
776
775
774
773
772
771
781
779
784
780
783
782
737
738
739
740
741
742
743
744
745
753
752
751
750
749
748
747
746
756
759
754
761
760
755
758
757
712
713
714
715
716
717
718
719
720
728
727
726
725
724
723
722
721
731
734
729
736
735
730
733
732
687
688
689
690
691
692
693
694
695
703
702
701
700
699
698
697
696
706
709
704
711
710
705
708
707
662
663
664
665
666
667
668
669
670
678
677
676
675
674
673
672
671
681
684
679
686
685
680
683
682
637
638
639
640
641
642
643
644
645
653
652
651
650
649
648
647
646
656
659
654
661
660
655
658
657
614
615
616
617
618
619
620
621
622
630
629
628
627
626
625
624
623
632
634
631
636
635
633
593
594
595
596
597
598
599
600
601
609
608
607
606
605
604
603
602
610
611
613
612
998
999
1000
1001
1002
1003
1004
1005
1006
1014
1013
1012
1011
1010
1009
1008
1007
1015
1016
1018
1017
975
976
977
978
979
980
981
982
983
991
990
989
988
987
986
985
984
994
992
997
993
996
995
950
951
952
953
954
955
956
957
958
966
965
964
963
962
961
960
959
969
972
967
974
973
968
971
970
925
926
927
928
929
930
931
932
933
941
940
939
938
937
936
935
934
944
947
942
949
948
943
946
945
900
901
902
903
904
905
906
907
908
916
915
914
913
912
911
910
909
919
922
917
924
923
918
921
920
875
876
877
878
879
880
881
882
883
891
890
889
888
887
886
885
884
894
897
892
899
898
893
896
895
850
851
852
853
854
855
856
857
858
866
865
864
863
862
861
860
859
869
872
867
874
873
868
871
870
827
828
829
830
831
832
833
834
835
843
842
841
840
839
838
837
836
845
847
844
849
848
846
806
807
808
809
810
811
812
813
814
822
821
820
819
818
817
816
815
823
824
826
825
1211
1212
1213
1214
1215
1216
1217
1218
1219
1227
1226
1225
1224
1223
1222
1221
1220
1228
1229
1231
1230
1188
1189
1190
1191
1192
1193
1194
1195
1196
1204
1203
1202
1201
1200
1199
1198
1197
1207
1205
1210
1206
1209
1208
1163
1164
1165
1166
1167
1168
1169
1170
1171
1179
1178
1177
1176
1175
1174
1173
1172
1182
1185
1180
1187
1186
1181
1184
1183
1138
1139
1140
1141
1142
1143
1144
1145
1146
1154
1153
1152
1151
1150
1149
1148
1147
1157
1160
1155
1162
1161
1156
1159
1158
1113
1114
1115
1116
1117
1118
1119
1120
1121
1129
1128
1127
1126
1125
1124
1123
1122
1132
1135
1130
1137
1136
1131
1134
1133
1088
1089
1090
1091
1092
1093
1094
1095
1096
1104
1103
1102
1101
1100
1099
1098
1097
1107
1110
1105
1112
1111
1106
1109
1108
1063
1064
1065
1066
1067
1068
1069
1070
1071
1079
1078
1077
1076
1075
1074
1073
1072
1082
1085
1080
1087
1086
1081
1084
1083
1040
1041
1042
1043
1044
1045
1046
1047
1048
1056
1055
1054
1053
1052
1051
1050
1049
1058
1060
1057
1062
1061
1059
1019
1020
1021
1022
1023
1024
1025
1026
1027
1035
1034
1033
1032
1031
1030
1029
1028
1036
1037
1039
1038
1424
1425
1426
1427
1428
1429
1430
1431
1432
1440
1439
1438
1437
1436
1435
1434
1433
1441
1442
1444
1443
1401
1402
1403
1404
1405
1406
1407
1408
1409
1417
1416
1415
1414
1413
1412
1411
1410
1420
1418
1423
1419
1422
1421
1376
1377
1378
1379
1380
1381
1382
1383
1384
1392
1391
1390
1389
1388
1387
1386
1385
1395
1398
1393
1400
1399
1394
1397
1396
1351
1352
1353
1354
1355
1356
1357
1358
1359
1367
1366
1365
1364
1363
1362
1361
1360
1370
1373
1368
1375
1374
1369
1372
1371
1326
1327
1328
1329
1330
1331
1332
1333
1334
1342
1341
1340
1339
1338
1337
1336
1335
1345
1348
1343
1350
1349
1344
1347
1346
1301
1302
1303
1304
1305
1306
1307
1308
1309
1317
1316
1315
1314
1313
1312
1311
1310
1320
1323
1318
1325
1324
1319
1322
1321
1276
1277
1278
1279
1280
1281
1282
1283
1284
1292
1291
1290
1289
1288
1287
1286
1285
1295
1298
1293
1300
1299
1294
1297
1296
1253
1254
1255
1256
1257
1258
1259
1260
1261
1269
1268
1267
1266
1265
1264
1263
1262
1271
1273
1270
1275
1274
1272
1232
1233
1234
1235
1236
1237
1238
1239
1240
1248
1247
1246
1245
1244
1243
1242
1241
1249
1250
1252
1251
1637
1638
1639
1640
1641
1642
1643
1644
1645
1653
1652
1651
1650
1649
1648
1647
1646
1654
1655
1657
1656
1614
1615
1616
1617
1618
1619
1620
1621
1622
1630
1629
1628
1627
1626
1625
1624
1623
1633
1631
1636
1632
1635
1634
1589
1590
1591
1592
1593
1594
1595
1596
1597
1605
1604
1603
1602
1601
1600
1599
1598
1608
1611
1606
1613
1612
1607
1610
1609
1564
1565
1566
1567
1568
1569
1570
1571
1572
1580
1579
1578
1577
1576
1575
1574
1573
1583
1586
1581
1588
1587
1582
1585
1584
1539
1540
1541
1542
1543
1544
1545
1546
1547
1555
1554
1553
1552
1551
1550
1549
1548
1558
1561
1556
1563
1562
1557
1560
1559
1514
1515
1516
1517
1518
1519
1520
1521
1522
1530
1529
1528
1527
1526
1525
1524
1523
1533
1536
1531
1538
1537
1532
1535
1534
1489
1490
1491
1492
1493
1494
1495
1496
1497
1505
1504
1503
1502
1501
1500
1499
1498
1508
1511
1506
1513
1512
1507
1510
1509
1466
1467
1468
1469
1470
1471
1472
1473
1474
1482
1481
1480
1479
1478
1477
1476
1475
1484
1486
1483
1488
1487
1485
1445
1446
1447
1448
1449
1450
1451
1452
1453
1461
1460
1459
1458
1457
1456
1455
1454
1462
1463
1465
1464
1835
1836
1837
1838
1839
1840
1841
1842
1843
1851
1850
1849
1848
1847
1846
1845
1844
1852
1853
1854
1814
1815
1816
1817
1818
1819
1820
1821
1822
1830
1829
1828
1827
1826
1825
1824
1823
1833
1831
1832
1834
1791
1792
1793
1794
1795
1796
1797
1798
1799
1807
1806
1805
1804
1803
1802
1801
1800
1810
1812
1808
1813
1809
1811
1768
1769
1770
1771
1772
1773
1774
1775
1776
1784
1783
1782
1781
1780
1779
1778
1777
1787
1789
1785
1790
1786
1788
1745
1746
1747
1748
1749
1750
1751
1752
1753
1761
1760
1759
1758
1757
1756
1755
1754
1764
1766
1762
1767
1763
1765
1722
1723
1724
1725
1726
1727
1728
1729
1730
1738
1737
1736
1735
1734
1733
1732
1731
1741
1743
1739
1744
1740
1742
1699
1700
1701
1702
1703
1704
1705
1706
1707
1715
1714
1713
1712
1711
1710
1709
1708
1718
1720
1716
1721
1717
1719
1678
1679
1680
1681
1682
1683
1684
1685
1686
1694
1693
1692
1691
1690
1689
1688
1687
1696
1697
1695
1698
1658
1659
1660
1661
1662
1663
1664
1665
1666
1674
1673
1672
1671
1670
1669
1668
1667
1675
1676
1677
2019
2020
2021
2022
2023
2024
2025
2026
2027
2035
2034
2033
2032
2031
2030
2029
2028
2036
2037
1999
2000
2001
2002
2003
2004
2005
2006
2007
2015
2014
2013
2012
2011
2010
2009
2008
2018
2016
2017
1978
1979
1980
1981
1982
1983
1984
1985
1986
1994
1993
1992
1991
1990
1989
1988
1987
1997
1998
1995
1996
1957
1958
1959
1960
1961
1962
1963
1964
1965
1973
1972
1971
1970
1969
1968
1967
1966
1976
1977
1974
1975
1936
1937
1938
1939
1940
1941
1942
1943
1944
1952
1951
1950
1949
1948
1947
1946
1945
1955
1956
1953
1954
1915
1916
1917
1918
1919
1920
1921
1922
1923
1931
1930
1929
1928
1927
1926
1925
1924
1934
1935
1932
1933
1894
1895
1896
1897
1898
1899
1900
1901
1902
1910
1909
1908
1907
1906
1905
1904
1903
1913
1914
1911
1912
1874
1875
1876
1877
1878
1879
1880
1881
1882
1890
1889
1888
1887
1886
1885
1884
1883
1892
1893
1891
1855
1856
1857
1858
1859
1860
1861
1862
1863
1871
1870
1869
1868
1867
1866
1865
1864
1872
1873
2039
2038
2041
2040
2043
2042
2045
2044
2047
2046
2049
2048
2051
2050
2053
2052
2058
2061
2059
2060
2054
2056
2057
2055
